0 18243.7
2 482.303
4 211.972
6 121.607
8 82.2151
10 56.1497
12 42.0986
14 30.905
16 24.4461
18 18.6939
20 15.2691
22 11.9747
24 9.98336
26 7.9599
28 6.72853
30 5.42654
32 4.6325
34 3.76751
36 3.24011
38 2.65212
40 2.29417
42 1.88754
44 1.64056
46 1.35554
48 1.18288
50 0.980921
52 0.858911
54 0.714501
56 0.627502
58 0.523439
60 0.460921
62 0.385424
64 0.340192
66 0.285094
68 0.252171
70 0.211746
72 0.187652
74 0.157852
76 0.140134
78 0.118071
80 0.104985
82 0.0885867
84 0.0788821
86 0.066651
88 0.0594278
90 0.0502752
92 0.044881
94 0.0380117
96 0.0339708
98 0.0288012
100 0.0257657
102 0.0218655
104 0.0195792
106 0.01663
108 0.014904
110 0.0126692
112 0.0113632
114 0.00966644
116 0.00867629
118 0.0073858
120 0.0066337
122 0.00565057
124 0.00507831
126 0.00432821
128 0.0038921
130 0.00331898
132 0.00298614
134 0.0025477
136 0.00229333
138 0.00195751
140 0.00176286
142 0.00150536
144 0.00135625
146 0.00115861
148 0.00104425
150 0.000892404
152 0.000804618
154 0.000687853
156 0.000620401
158 0.00053054
160 0.000478667
162 0.000409458
164 0.000369534
166 0.000316193
168 0.000285443
170 0.000244305
172 0.000220604
174 0.000188858
176 0.000170578
178 0.000146065
180 0.000131958
182 0.000113019
184 0.000102126
186 8.74876e-05
188 7.90716e-05
190 6.77509e-05
192 6.12455e-05
194 5.24868e-05
196 4.74559e-05
198 4.06764e-05
200 3.6784e-05
202 3.15343e-05
204 2.85215e-05
206 2.4455e-05
208 2.21221e-05
210 1.89708e-05
212 1.71637e-05
214 1.47209e-05
216 1.33205e-05
218 1.14263e-05
220 1.03408e-05
222 8.87141e-06
224 8.02967e-06
226 6.88958e-06
228 6.23668e-06
230 5.35182e-06
232 4.84523e-06
234 4.15827e-06
236 3.7651e-06
238 3.23164e-06
240 2.92641e-06
242 2.51205e-06
244 2.27504e-06
246 1.95311e-06
248 1.76901e-06
250 1.51884e-06
252 1.37581e-06
254 1.18136e-06
256 1.07022e-06
258 9.19039e-07
