1 4690.69
3 4696.81
5 4709.05
7 4702.36
9 4712.58
11 4706.3
13 4713.47
15 4708.71
17 4713.67
19 4710.2
21 4713.65
23 4711.15
25 4713.58
27 4711.77
29 4713.5
31 4712.19
33 4713.43
35 4712.48
37 4713.37
39 4712.68
41 4713.32
43 4712.82
45 4713.29
47 4712.92
49 4713.26
51 4712.99
53 4713.24
55 4713.04
57 4713.22
59 4713.07
61 4713.21
63 4713.1
65 4713.2
67 4713.12
69 4713.19
71 4713.13
73 4713.19
75 4713.14
77 4713.19
79 4713.15
81 4713.18
83 4713.16
85 4713.18
87 4713.16
89 4713.18
91 4713.16
93 4713.18
95 4713.17
97 4713.18
99 4713.17
101 4713.17
103 4713.17
105 4713.17
107 4713.17
109 4713.17
111 4713.17
113 4713.17
115 4713.17
117 4713.17
119 4713.17
121 4713.17
123 4713.17
125 4713.17
127 4713.17
129 4713.17
131 4713.17
133 4713.17
135 4713.17
137 4713.17
139 4713.17
141 4713.17
143 4713.17
145 4713.17
147 4713.17
149 4713.17
151 4713.17
153 4713.17
155 4713.17
157 4713.17
159 4713.17
161 4713.17
163 4713.17
165 4713.17
167 4713.17
169 4713.17
171 4713.17
173 4713.17
175 4713.17
177 4713.17
179 4713.17
181 4713.17
183 4713.17
185 4713.17
187 4713.17
189 4713.17
191 4713.17
193 4713.17
195 4713.17
197 4713.17
199 4713.17
201 4713.17
203 4713.17
205 4713.17
207 4713.17
209 4713.17
211 4713.17
213 4713.17
215 4713.17
217 4713.17
219 4713.17
221 4713.17
223 4713.17
225 4713.17
227 4713.17
229 4713.17
231 4713.17
233 4713.17
235 4713.17
237 4713.17
239 4713.17
241 4713.17
243 4713.17
245 4713.17
247 4713.17
249 4713.17
251 4713.17
253 4713.17
255 4713.17
257 4713.17
259 4713.17
