0 0.0700725  0.140141  0.2102  0.280247  0.350277  0.420285 
2 0.0124836  0.0174211  0.0317953  0.036923  0.0511744  0.0564487 
4 0.00888808  0.0123615  0.0226642  0.0262235  0.0364987  0.040112 
6 0.00727381  0.0101049  0.0185553  0.021443  0.0298874  0.0328053 
8 0.00630658  0.00875618  0.0160911  0.0185838  0.0259209  0.0284336 
10 0.00564469  0.0078345  0.0144041  0.0166293  0.0232046  0.0254444 
12 0.00515526  0.00715356  0.0131562  0.0151849  0.0211951  0.0232351 
14 0.00477442  0.00662401  0.012185  0.0140614  0.0196311  0.0215166 
16 0.00446717  0.00619697  0.0114013  0.0131553  0.0183689  0.0201305 
18 0.0042125  0.00584313  0.0107517  0.0124045  0.0173226  0.0189819 
20 0.00399694  0.00554371  0.0102018  0.0117691  0.0164368  0.0180098 
22 0.00381142  0.00528605  0.0097285  0.0112223  0.0156744  0.0171732 
24 0.00364954  0.00506128  0.00931548  0.0107452  0.0150091  0.0164433 
26 0.00350668  0.00486294  0.00895096  0.0103243  0.0144219  0.0157992 
28 0.00337938  0.00468623  0.00862613  0.00994922  0.0138986  0.0152253 
30 0.003265  0.00452747  0.00833428  0.00961226  0.0134285  0.0147098 
32 0.00316151  0.00438384  0.00807019  0.00930738  0.013003  0.0142433 
34 0.00306727  0.00425306  0.0078297  0.00902978  0.0126156  0.0138185 
36 0.00298099  0.00413332  0.00760951  0.00877562  0.0122608  0.0134296 
38 0.0029016  0.00402316  0.0074069  0.00854178  0.0119344  0.0130718 
40 0.00282823  0.00392137  0.00721967  0.00832569  0.0116328  0.0127412 
42 0.00276016  0.00382693  0.00704595  0.00812522  0.0113529  0.0124344 
44 0.00269678  0.003739  0.00688419  0.00793856  0.0110923  0.0121488 
46 0.00263758  0.00365686  0.00673309  0.0077642  0.0108489  0.011882 
48 0.00258211  0.00357991  0.00659152  0.00760085  0.0106208  0.011632 
50 0.00253  0.00350762  0.00645852  0.00744739  0.0104065  0.0113972 
52 0.00248092  0.00343954  0.00633326  0.00730287  0.0102047  0.011176 
54 0.00243459  0.00337528  0.00621502  0.00716644  0.0100142  0.0109672 
56 0.00239077  0.00331449  0.00610316  0.00703739  0.00983396  0.0107698 
58 0.00234923  0.00325687  0.00599713  0.00691507  0.00966313  0.0105826 
60 0.00230978  0.00320216  0.00589644  0.00679891  0.00950091  0.0104048 
62 0.00227225  0.00315011  0.00580066  0.00668841  0.00934659  0.0102357 
64 0.0022365  0.00310052  0.0057094  0.00658314  0.00919955  0.0100746 
66 0.00220238  0.0030532  0.00562231  0.00648268  0.00905924  0.00992091 
68 0.00216978  0.00300798  0.00553909  0.00638668  0.00892516  0.00977402 
70 0.00213858  0.00296472  0.00545947  0.00629483  0.00879686  0.00963346 
72 0.00210869  0.00292327  0.00538318  0.00620683  0.00867395  0.00949879 
74 0.00208002  0.00288351  0.00531  0.00612242  0.00855604  0.00936962 
76 0.00205249  0.00284533  0.00523972  0.00604136  0.00844282  0.00924558 
78 0.00202602  0.00280863  0.00517217  0.00596344  0.00833397  0.00912634 
80 0.00200056  0.00277331  0.00510716  0.00588846  0.00822923  0.00901159 
82 0.00197603  0.00273929  0.00504454  0.00581624  0.00812834  0.00890107 
84 0.00195238  0.0027065  0.00498418  0.00574661  0.00803107  0.00879452 
86 0.00192956  0.00267485  0.00492592  0.00567942  0.00793722  0.0086917 
88 0.00190752  0.00264429  0.00486967  0.00561454  0.00784657  0.00859241 
90 0.00188622  0.00261475  0.0048153  0.00555183  0.00775897  0.00849645 
92 0.00186561  0.00258618  0.00476271  0.00549118  0.00767423  0.00840363 
94 0.00184567  0.00255853  0.0047118  0.00543247  0.00759222  0.00831378 
96 0.00182636  0.00253175  0.0046625  0.0053756  0.00751277  0.00822676 
98 0.00180763  0.00250579  0.00461471  0.00532049  0.00743577  0.00814242 
100 0.00178948  0.00248061  0.00456836  0.00526703  0.00736109  0.00806061 
