-2 0
-1.99198 0.000501002
-1.98397 0.001002
-1.97595 0.00150301
-1.96794 0.00200401
-1.95992 0.00250501
-1.9519 0.00300601
-1.94389 0.00350701
-1.93587 0.00400802
-1.92786 0.00450902
-1.91984 0.00501002
-1.91182 0.00551102
-1.90381 0.00601202
-1.89579 0.00651303
-1.88778 0.00701403
-1.87976 0.00751503
-1.87174 0.00801603
-1.86373 0.00851703
-1.85571 0.00901804
-1.8477 0.00951904
-1.83968 0.01002
-1.83166 0.010521
-1.82365 0.011022
-1.81563 0.011523
-1.80762 0.012024
-1.7996 0.0125251
-1.79158 0.0130261
-1.78357 0.0135271
-1.77555 0.0140281
-1.76754 0.0145291
-1.75952 0.0150301
-1.7515 0.0155311
-1.74349 0.0160321
-1.73547 0.0165331
-1.72745 0.0170341
-1.71944 0.0175351
-1.71142 0.0180361
-1.70341 0.0185371
-1.69539 0.0190381
-1.68737 0.0195391
-1.67936 0.0200401
-1.67134 0.0205411
-1.66333 0.0210421
-1.65531 0.0215431
-1.64729 0.0220441
-1.63928 0.0225451
-1.63126 0.0230461
-1.62325 0.0235471
-1.61523 0.0240481
-1.60721 0.0245491
-1.5992 0.0250501
-1.59118 0.0255511
-1.58317 0.0260521
-1.57515 0.0265531
-1.56713 0.0270541
-1.55912 0.0275551
-1.5511 0.0280561
-1.54309 0.0285571
-1.53507 0.0290581
-1.52705 0.0295591
-1.51904 0.0300601
-1.51102 0.0305611
-1.50301 0.0310621
-1.49499 0.0315631
-1.48697 0.0320641
-1.47896 0.0325651
-1.47094 0.0330661
-1.46293 0.0335671
-1.45491 0.0340681
-1.44689 0.0345691
-1.43888 0.0350701
-1.43086 0.0355711
-1.42285 0.0360721
-1.41483 0.0365731
-1.40681 0.0370741
-1.3988 0.0375752
-1.39078 0.0380762
-1.38277 0.0385772
-1.37475 0.0390782
-1.36673 0.0395792
-1.35872 0.0400802
-1.3507 0.0405812
-1.34269 0.0410822
-1.33467 0.0415832
-1.32665 0.0420842
-1.31864 0.0425852
-1.31062 0.0430862
-1.30261 0.0435872
-1.29459 0.0440882
-1.28657 0.0445892
-1.27856 0.0450902
-1.27054 0.0455912
-1.26253 0.0460922
-1.25451 0.0465932
-1.24649 0.0470942
-1.23848 0.0475952
-1.23046 0.0480962
-1.22244 0.0485972
-1.21443 0.0490982
-1.20641 0.0495992
-1.1984 0.0501002
-1.19038 0.0506012
-1.18236 0.0511022
-1.17435 0.0516032
-1.16633 0.0521042
-1.15832 0.0526052
-1.1503 0.0531062
-1.14228 0.0536072
-1.13427 0.0541082
-1.12625 0.0546092
-1.11824 0.0551102
-1.11022 0.0556112
-1.1022 0.0561122
-1.09419 0.0566132
-1.08617 0.0571142
-1.07816 0.0576152
-1.07014 0.0581162
-1.06212 0.0586172
-1.05411 0.0591182
-1.04609 0.0596192
-1.03808 0.0601202
-1.03006 0.0606212
-1.02204 0.0611222
-1.01403 0.0616232
-1.00601 0.0621242
-0.997996 0.0626253
-0.98998 0.0631263
-0.981964 0.0636273
-0.973948 0.0641283
-0.965932 0.0646293
-0.957916 0.0651303
-0.9499 0.0656313
-0.941884 0.0661323
-0.933868 0.0666333
-0.925852 0.0671343
-0.917836 0.0676353
-0.90982 0.0681363
-0.901804 0.0686373
-0.893788 0.0691383
-0.885772 0.0696393
-0.877756 0.0701403
-0.869739 0.0706413
-0.861723 0.0711423
-0.853707 0.0716433
-0.845691 0.0721443
-0.837675 0.0726453
-0.829659 0.0731463
-0.821643 0.0736473
-0.813627 0.0741483
-0.805611 0.0746493
-0.797595 0.0751503
-0.789579 0.0756513
-0.781563 0.0761523
-0.773547 0.0766533
-0.765531 0.0771543
-0.757515 0.0776553
-0.749499 0.0781563
-0.741483 0.0786573
-0.733467 0.0791583
-0.725451 0.0796593
-0.717435 0.0801603
-0.709419 0.0806613
-0.701403 0.0811623
-0.693387 0.0816633
-0.685371 0.0821643
-0.677355 0.0826653
-0.669339 0.0831663
-0.661323 0.0836673
-0.653307 0.0841683
-0.645291 0.0846693
-0.637275 0.0851703
-0.629259 0.0856713
-0.621242 0.0861723
-0.613226 0.0866733
-0.60521 0.0871743
-0.597194 0.0876754
-0.589178 0.0881764
-0.581162 0.0886774
-0.573146 0.0891784
-0.56513 0.0896794
-0.557114 0.0901804
-0.549098 0.0906814
-0.541082 0.0911824
-0.533066 0.0916834
-0.52505 0.0921844
-0.517034 0.0926854
-0.509018 0.0931864
-0.501002 0.0936874
-0.492986 0.0941638
-0.48497 0.0945764
-0.476954 0.0949248
-0.468938 0.095209
-0.460922 0.0954288
-0.452906 0.0955845
-0.44489 0.0956758
-0.436874 0.0957029
-0.428858 0.0956658
-0.420842 0.0955644
-0.412826 0.0953987
-0.40481 0.0951688
-0.396794 0.0948746
-0.388778 0.0945162
-0.380762 0.0940935
-0.372745 0.0936066
-0.364729 0.0930553
-0.356713 0.0924399
-0.348697 0.0917602
-0.340681 0.0910162
-0.332665 0.090208
-0.324649 0.0893355
-0.316633 0.0883987
-0.308617 0.0873977
-0.300601 0.0863325
-0.292585 0.085203
-0.284569 0.0840092
-0.276553 0.0827512
-0.268537 0.0814289
-0.260521 0.0800423
-0.252505 0.0785916
-0.244489 0.0770765
-0.236473 0.0754972
-0.228457 0.0738536
-0.220441 0.0721458
-0.212425 0.0703737
-0.204409 0.0685374
-0.196393 0.0666368
-0.188377 0.0646719
-0.180361 0.0626428
-0.172345 0.0605495
-0.164329 0.0583918
-0.156313 0.05617
-0.148297 0.0538838
-0.140281 0.0515334
-0.132265 0.0491188
-0.124248 0.0466399
-0.116232 0.0440967
-0.108216 0.0414893
-0.1002 0.0388176
-0.0921844 0.0360817
-0.0841683 0.0332815
-0.0761523 0.030417
-0.0681363 0.0274883
-0.0601202 0.0244954
-0.0521042 0.0214382
-0.0440882 0.0183167
-0.0360721 0.015131
-0.0280561 0.011881
-0.0200401 0.00856673
-0.012024 0.00518823
-0.00400802 0.00174547
0.00400802 -0.00174547
0.012024 -0.00518823
0.0200401 -0.00856673
0.0280561 -0.011881
0.0360721 -0.015131
0.0440882 -0.0183167
0.0521042 -0.0214382
0.0601202 -0.0244954
0.0681363 -0.0274883
0.0761523 -0.030417
0.0841683 -0.0332815
0.0921844 -0.0360817
0.1002 -0.0388176
0.108216 -0.0414893
0.116232 -0.0440967
0.124248 -0.0466399
0.132265 -0.0491188
0.140281 -0.0515334
0.148297 -0.0538838
0.156313 -0.05617
0.164329 -0.0583918
0.172345 -0.0605495
0.180361 -0.0626428
0.188377 -0.0646719
0.196393 -0.0666368
0.204409 -0.0685374
0.212425 -0.0703737
0.220441 -0.0721458
0.228457 -0.0738536
0.236473 -0.0754972
0.244489 -0.0770765
0.252505 -0.0785916
0.260521 -0.0800423
0.268537 -0.0814289
0.276553 -0.0827512
0.284569 -0.0840092
0.292585 -0.085203
0.300601 -0.0863325
0.308617 -0.0873977
0.316633 -0.0883987
0.324649 -0.0893355
0.332665 -0.090208
0.340681 -0.0910162
0.348697 -0.0917602
0.356713 -0.0924399
0.364729 -0.0930553
0.372745 -0.0936066
0.380762 -0.0940935
0.388778 -0.0945162
0.396794 -0.0948746
0.40481 -0.0951688
0.412826 -0.0953987
0.420842 -0.0955644
0.428858 -0.0956658
0.436874 -0.0957029
0.44489 -0.0956758
0.452906 -0.0955845
0.460922 -0.0954288
0.468938 -0.095209
0.476954 -0.0949248
0.48497 -0.0945764
0.492986 -0.0941638
0.501002 -0.0936874
0.509018 -0.0931864
0.517034 -0.0926854
0.52505 -0.0921844
0.533066 -0.0916834
0.541082 -0.0911824
0.549098 -0.0906814
0.557114 -0.0901804
0.56513 -0.0896794
0.573146 -0.0891784
0.581162 -0.0886774
0.589178 -0.0881764
0.597194 -0.0876754
0.60521 -0.0871743
0.613226 -0.0866733
0.621242 -0.0861723
0.629259 -0.0856713
0.637275 -0.0851703
0.645291 -0.0846693
0.653307 -0.0841683
0.661323 -0.0836673
0.669339 -0.0831663
0.677355 -0.0826653
0.685371 -0.0821643
0.693387 -0.0816633
0.701403 -0.0811623
0.709419 -0.0806613
0.717435 -0.0801603
0.725451 -0.0796593
0.733467 -0.0791583
0.741483 -0.0786573
0.749499 -0.0781563
0.757515 -0.0776553
0.765531 -0.0771543
0.773547 -0.0766533
0.781563 -0.0761523
0.789579 -0.0756513
0.797595 -0.0751503
0.805611 -0.0746493
0.813627 -0.0741483
0.821643 -0.0736473
0.829659 -0.0731463
0.837675 -0.0726453
0.845691 -0.0721443
0.853707 -0.0716433
0.861723 -0.0711423
0.869739 -0.0706413
0.877756 -0.0701403
0.885772 -0.0696393
0.893788 -0.0691383
0.901804 -0.0686373
0.90982 -0.0681363
0.917836 -0.0676353
0.925852 -0.0671343
0.933868 -0.0666333
0.941884 -0.0661323
0.9499 -0.0656313
0.957916 -0.0651303
0.965932 -0.0646293
0.973948 -0.0641283
0.981964 -0.0636273
0.98998 -0.0631263
0.997996 -0.0626253
1.00601 -0.0621242
1.01403 -0.0616232
1.02204 -0.0611222
1.03006 -0.0606212
1.03808 -0.0601202
1.04609 -0.0596192
1.05411 -0.0591182
1.06212 -0.0586172
1.07014 -0.0581162
1.07816 -0.0576152
1.08617 -0.0571142
1.09419 -0.0566132
1.1022 -0.0561122
1.11022 -0.0556112
1.11824 -0.0551102
1.12625 -0.0546092
1.13427 -0.0541082
1.14228 -0.0536072
1.1503 -0.0531062
1.15832 -0.0526052
1.16633 -0.0521042
1.17435 -0.0516032
1.18236 -0.0511022
1.19038 -0.0506012
1.1984 -0.0501002
1.20641 -0.0495992
1.21443 -0.0490982
1.22244 -0.0485972
1.23046 -0.0480962
1.23848 -0.0475952
1.24649 -0.0470942
1.25451 -0.0465932
1.26253 -0.0460922
1.27054 -0.0455912
1.27856 -0.0450902
1.28657 -0.0445892
1.29459 -0.0440882
1.30261 -0.0435872
1.31062 -0.0430862
1.31864 -0.0425852
1.32665 -0.0420842
1.33467 -0.0415832
1.34269 -0.0410822
1.3507 -0.0405812
1.35872 -0.0400802
1.36673 -0.0395792
1.37475 -0.0390782
1.38277 -0.0385772
1.39078 -0.0380762
1.3988 -0.0375752
1.40681 -0.0370741
1.41483 -0.0365731
1.42285 -0.0360721
1.43086 -0.0355711
1.43888 -0.0350701
1.44689 -0.0345691
1.45491 -0.0340681
1.46293 -0.0335671
1.47094 -0.0330661
1.47896 -0.0325651
1.48697 -0.0320641
1.49499 -0.0315631
1.50301 -0.0310621
1.51102 -0.0305611
1.51904 -0.0300601
1.52705 -0.0295591
1.53507 -0.0290581
1.54309 -0.0285571
1.5511 -0.0280561
1.55912 -0.0275551
1.56713 -0.0270541
1.57515 -0.0265531
1.58317 -0.0260521
1.59118 -0.0255511
1.5992 -0.0250501
1.60721 -0.0245491
1.61523 -0.0240481
1.62325 -0.0235471
1.63126 -0.0230461
1.63928 -0.0225451
1.64729 -0.0220441
1.65531 -0.0215431
1.66333 -0.0210421
1.67134 -0.0205411
1.67936 -0.0200401
1.68737 -0.0195391
1.69539 -0.0190381
1.70341 -0.0185371
1.71142 -0.0180361
1.71944 -0.0175351
1.72745 -0.0170341
1.73547 -0.0165331
1.74349 -0.0160321
1.7515 -0.0155311
1.75952 -0.0150301
1.76754 -0.0145291
1.77555 -0.0140281
1.78357 -0.0135271
1.79158 -0.0130261
1.7996 -0.0125251
1.80762 -0.012024
1.81563 -0.011523
1.82365 -0.011022
1.83166 -0.010521
1.83968 -0.01002
1.8477 -0.00951904
1.85571 -0.00901804
1.86373 -0.00851703
1.87174 -0.00801603
1.87976 -0.00751503
1.88778 -0.00701403
1.89579 -0.00651303
1.90381 -0.00601202
1.91182 -0.00551102
1.91984 -0.00501002
1.92786 -0.00450902
1.93587 -0.00400802
1.94389 -0.00350701
1.9519 -0.00300601
1.95992 -0.00250501
1.96794 -0.00200401
1.97595 -0.00150301
1.98397 -0.001002
1.99198 -0.000501002
2 -2.77556e-17
